1944618
2810594
4885104
5912899
3770626
21201
2104100
3603539
4756587
2955578
3331365
4307266
1549544
1295725
3363462
4728722
1042671
1794948
5872889
3294015
724856
5919859
5344539
4180797
4939244
2251200
5452516
1827393
2857932
2969890
5368364
5996529
1872634
4708726
2540422
5441040
3349694
5567862
1509035
5903396
4269119
2958554
4660454
4378592
2450093
898731
4866403
3009021
146124
473286
5774353
5416666
174725
4492972
869536
1884284
2345452
2554788
1118343
2275728
3510367
1794446
26812
2894186
1012356
1091661
831302
2509188
908355
5052643
5643138
503509
6419
4209226
4821103
1417968
1854501
397114
1888143
4809997
4768075
5823493
3964472
5288897
2320171
462297
2610903
2346315
5274020
4546874
5873189
5533876
4642244
2243946
5115387
5831474
4261774
5809625
4886260
3806737
2702294
5892547
3860584
19903
2256574
5626414
844916
2858974
5848289
5830452
2296531
189231
918592
4471969
1566151
2065731
5751059
2387407
5094180
1875877
4360358
3510989
2406183
5329646
1010044
4929857
1557934
5015397
4606943
310122
1419380
5192913
3723282
1152324
635594
164312
3372851
1189267
524803
1430313
943481
5375154
5581518
1926946
4911803
4694100
1934757
4521978
2206997
5394163
1460201
2361661
1900896
2626410
1000124
443404
2811460
4423913
814936
5195520
2955148
1271336
5816753
2794341
4025674
3231642
386470
2644285
4479674
4636368
1854053
4438163
5412480
5272157
106256
5124836
2498083
604474
2017113
1463359
3389960
1099842
5125100
2299371
1055139
3892146
3229113
1759737
884364
2297618
5272855
4504250
2137840
1023720
2808232
4148195
5413655
5216252
796677
3984662
4071427
1668219
769078
3552426
5981392
1737118
3422749
1068826
844946
5549559
757887
5992000
2663406
2442288
1263156
4715443
2122111
3292638
2585926
576812
100116
3794212
4655957
626861
4704289
2559385
2031173
4059463
4188413
4604684
2180278
1163580
3170407
975845
885453
2541857
4509675
696004
2198879
4261637
2851317
4972427
2130340
2840825
5716872
3102046
1108451
5315360
4943541
1073838
2523398
2825198
4253492
310563
1069645
5064077
1374383
2203304
5579398
5602126
5603807
4790086
5757557
3371310
1345421
2837297
1414636
4859388
619819
3301287
1863980
2071888
3976125
4014798
5348620
3207498
4648947
4630154
186642
2268520
2141947
1211069
4359084
1191093
1790934
2720393
3862868
3194889
3276117
2024677
1692777
1878157
1564260
4084474
5375382
3965935
2348173
5802411
64717
3420109
860259
1068036
1718786
2914091
4416737
100899
4659626
5455005
4769860
5896415
3637080
4925385
2773062
2139962
1978870
5996413
2420492
2228904
1856256
4218483
5783459
724517
5919125
4301332
3899450
4069215
1338395
5288919
2359099
4943541
3924006
5042290
342295
5695546
1839177
4378717
1245348
2310176
902052
3565840
5609615
3448672
1653664
5572518
464533
5977304
5464962
4174397
5358499
2360898
5772894
2935951
964461
2663175
275470
1806978
