3362624
2166679
4296626
1055119
4668354
1552096
2593344
3914036
2602868
4355667
3877322
354252
3633216
2853532
1739843
3136416
830084
1794292
3498423
2896863
3382634
3983702
2999813
1102510
96925
4124268
3832819
3866692
3607136
3683062
3641989
2627074
1446320
2288716
1645439
4816731
1058400
1072387
4890216
1113368
3254757
4792323
1364447
171414
2236391
2966259
4609102
4266806
3409873
1281518
3473482
2172006
1371210
3730451
3053670
4038080
4074102
211882
2924406
853141
172023
2511052
4692190
4290941
2669919
3400006
2990709
1677155
2260779
820274
3411473
2085401
1794831
1681490
428776
3710932
4506155
4824856
2463599
3294084
379561
1103606
3804037
2098251
510246
3025270
4111873
3726813
1905624
4955069
3956055
3027504
62738
1066460
3294976
2610822
2349507
4178330
1872089
2434974
3955847
2920437
2873510
715912
1269052
62021
935845
964779
1680024
1428566
2652741
1929037
1492776
3002857
3039520
705505
3668774
4178932
2362871
1821769
4855799
4809773
1902659
1904030
3955105
2788384
3883985
4523738
3917794
4666156
102366
3092015
4260880
1687888
1885164
2415383
3967978
1086994
1650215
2341709
4478956
3532616
2999467
3363866
3429334
4877190
1579628
3046897
1438198
1145076
3161119
3409518
1422957
3529520
4909809
684313
1705923
1144715
2898311
1579287
3887303
4537422
3811827
3387860
3623286
1127279
3175882
1193510
3738816
526247
2402422
2554632
4180764
1286075
4739446
2382663
2097690
771880
2730215
1016910
3050762
2244030
3859
1475964
4937192
2378685
1376422
1693926
214623
2782711
1851076
4941137
1011020
1522803
36016
3129249
248580
49163
2490521
648188
1223042
914000
511133
88966
3467465
1323245
761837
19421
2432559
3867911
1673488
846686
4416587
1919305
2984101
2876355
2898185
1485981
4212380
4097594
4472820
444269
3224218
2749709
4930873
1595921
1131248
2883269
622299
1189138
3300147
2488930
4127745
1306030
3245073
4226279
1077083
1309932
461688
4792085
419547
275093
577322
2005512
2063977
1949671
126007
171077
1456339
4994873
2000895
4659833
4845655
2331707
3508884
1885355
3786057
4221099
1161642
4201424
1941127
